0.772403946938	3.74076166545	19.8566801701	11724.5202392	
0.925332079021	4.36736246539	22.7870743895	20706.071732	
0.686783497267	3.89501283512	19.1002437534	12726.1932476	
0.838750447171	4.06742962575	24.9928834425	13792.3667528	
0.850343217983	3.92694972244	27.588575224	11554.2313587	
0.874091773663	4.03469019062	31.8640005107	12339.82178	
0.925302006372	4.29288163257	17.5335097719	17712.691472	
0.781677512309	3.97185646544	20.1352868935	17666.0676447	
0.648133002203	3.96199833812	14.879096758	15913.4357528	
0.756017540002	3.97144423745	22.9205258019	12806.7893313	
0.775558325892	3.74185822518	28.6630299808	7711.19594013	
0.790729367544	3.74353887429	32.9846420728	7423.01431401	
0.682838560208	3.69467869244	21.1159521346	11809.1483924	
1.04697970035	4.25054262989	40.0738435661	14501.2352815	
0.708337218788	3.95911431599	15.5571350651	13137.028352	
0.718377108192	3.79552279991	23.2622269834	9438.63001693	
0.741426506965	3.78571920748	24.6806190306	11241.2514938	
0.73545253638	4.19886815118	9.52076914313	18957.087848	
0.542093844068	3.54845372741	17.5426088078	8423.60435804	
0.836532736535	3.8730285216	26.2681131013	11432.1758565	
0.787862288959	3.81616105245	29.3867755965	8270.469176	
0.779641644088	4.10549611306	23.291312569	14648.752496	
0.724988892464	3.77470499013	25.9446971534	9223.8007489	
0.743122827789	3.9302645619	20.9838361051	14007.0966633	
0.994571312118	4.31230079433	33.3691888015	15438.7578176	
0.596880354825	3.59761575862	14.0993042619	8689.73890385	
0.696271710636	4.02782121014	17.8950673491	15246.5424296	
0.651014920909	4.04511224586	8.49788750324	16419.4993556	
0.790793604793	4.0773618565	22.6082275357	16050.342584	
0.7522799135	3.78646117581	30.0599999283	9312.75056	
0.71474744628	3.79967073982	22.9911724372	12077.5495021	
0.69255730153	4.09318572069	15.2516619704	16702.3685019	
0.643352299563	3.690688546	21.2619545864	8064.86078528	
0.960821539594	4.19586304885	29.6860340947	13722.240481	
0.807303176436	3.92605509504	26.7651064442	12804.3644283	
0.588306696911	3.71755312867	16.2090171217	9125.48714107	
0.874257153973	4.05920065317	30.1683724727	11459.5949136	
0.757845756623	4.10469152871	17.6408325953	15072.9802707	
0.647324000753	3.6041134063	19.3327985201	9514.69826585	
0.62732631437	3.7857012408	13.0639981069	12110.000204	
0.845706286235	4.03012652815	23.5200455195	18438.123992	
0.765176539174	3.80629591047	32.8819057373	8825.70688868	
0.902042252952	4.0207296085	25.9563602779	13202.1640157	
0.714188738966	3.77219916612	26.7855479452	9180.4235456	
0.71903330669	3.66409993395	21.9576985982	8951.3754002	
0.842291850888	4.06338431328	27.1028260551	13468.8137647	
0.900876049959	4.07933552313	30.439202125	11701.3339851	
0.843104777321	3.82993777764	34.3674311814	8809.0191716	
0.819575324419	3.9364186814	32.577384805	10693.8937169	
0.681399823563	3.69982769166	24.7634909719	8450.81688488	
0.780814392099	3.85189937548	20.0838728404	11775.0906465	
1.07883932888	4.20703218695	40.2256060345	13291.9898764	
0.656808628704	3.85636164495	9.21164984726	14649.4174694	
0.649410068071	3.87561398187	18.3556201696	12545.8475771	
0.859799640155	4.00554610784	29.1568611607	11841.4501772	
0.623201290453	3.70878850725	19.9298714177	9269.629208	
0.654468503033	3.87428062392	17.7052416284	13516.6916264	
0.888492857177	3.96552862544	35.2965308407	10861.711676	
0.477092480533	3.42769270167	8.4476934443	8249.2184876	
0.789673955805	4.08085687402	23.165830443	12394.5126692	
0.659557776992	3.97000892018	17.5143738484	14295.5560783	
0.613564267445	3.61867575717	21.2845521542	7804.0286036	
0.798728348085	4.00831099256	23.6418075468	14244.637892	
1.00005028376	4.15113828277	29.8553218902	13925.9091032	
0.873349737303	3.91718258733	31.9234376166	10130.064723	
0.723469591754	3.95641707663	17.8638882584	14381.79779	
0.422987881469	3.43594682389	8.04581027959	7211.0523236	
0.836534833612	4.09518588561	26.0585468987	13872.921992	
1.00727237691	4.41515676127	17.5459617379	21912.2081	
0.751464388068	3.78132605689	14.4264278639	11583.8335592	
0.750178442441	4.06158906506	21.182817066	15402.7584884	
0.949342108027	4.02148199819	37.6177247611	10284.7032188	
0.694430669262	3.8087144077	24.7421166242	9906.66063342	
0.772666907998	3.80137302429	22.6375241334	9424.4468612	
0.877039571339	4.1941737568	21.4205887723	15813.4012928	
0.976543331476	4.23257314054	33.324620112	15046.7011928	
1.08606191884	4.20167487979	23.5661625877	27273.64748	
0.856786780683	4.10059912722	28.0632277972	14448.6852682	
0.960812300861	4.35511539234	18.2738708336	18207.929354	
0.918943699377	4.05138663851	33.1778683029	12063.6764032	
0.646766457362	3.70469332691	18.4178793278	9724.1683334	
1.05006071619	4.37177768539	37.4929893678	17201.2265468	
0.636040330524	3.76983544617	15.7340703072	11848.6201981	
0.734578947273	3.90591483551	13.1206881749	12315.0720008	
0.875590242508	4.03358665351	32.8580305265	10719.2419904	
0.828090507817	4.10351759976	26.8108744509	14406.9423611	
0.862652807702	3.90913083361	33.8297547646	9007.1374004	
0.871693115691	4.02985065418	29.1412335066	11538.6699812	
0.747026952588	3.78911959003	28.709949665	9821.76958304	
0.746099473151	3.7887318117	25.8157157129	9909.9368639	
0.811328462245	4.20837722727	16.9376635446	21768.260012	
0.904078325846	4.07585454904	20.0121929192	12899.9424512	
0.77116994273	3.98566702725	23.5743117436	13384.3423052	
0.831085309055	4.18285240025	21.6484038317	15998.975408	
0.737013429692	3.78610781557	22.4589697912	10636.4439948	
0.837759407445	3.81575805085	25.9610285409	13931.81579	
0.866399883824	3.74916950039	39.216705007	7746.54028784	
0.942384378162	4.14226156218	28.0913676867	15876.4503092	
0.843780852301	4.13390030774	27.0556013213	15035.8784719	
0.693515780756	3.6948327503	24.1391476499	8668.1040392	
0.753198765126	3.74830303347	25.2936021386	10571.3893663	
0.718865447066	3.73806070138	24.375665047	9767.71843748	
0.663315358084	3.7641995924	22.7521473806	10052.1355988	
0.782150458166	3.74121781905	24.8278043499	9730.610768	
0.713589885423	3.89044152908	20.8145579133	12198.71204	
0.82349188649	4.15679600314	27.1052747401	15017.9984179	
0.882970770454	3.96069483662	36.114138697	9693.02888672	
0.629524359887	3.91653050132	13.785570931	13818.962612	
0.696070343152	3.98395589518	15.2749551868	14888.5290584	
0.861440153096	4.14147823932	19.6490725424	15750.1469	
0.749250125172	3.97334163977	24.2904775339	12737.8348658	
0.806937701841	3.96101973088	30.5997898925	11518.823852	
0.916526118656	4.16395696293	32.8735674588	14686.3710681	
0.879170200765	3.87085417701	34.208335076	8476.9563008	
0.761448490354	3.73631147879	26.3242733047	11610.3332684	
0.664092192046	3.83675706124	22.4193106401	11402.93618	
0.77248965497	3.87972840145	24.7827736439	12477.0328298	
0.681806200094	4.10723864913	7.84001848655	17977.3147328	
0.740577524414	3.81196830292	17.2360458186	14367.0568412	
0.854441137681	4.00128031742	23.6516121463	14490.6765116	
0.751964627277	3.7372512699	32.9942613008	7953.75478147	
0.628790781032	3.90211642759	16.9149401071	13903.2346256	
0.715856673941	3.74836852654	27.6535148638	8795.10688196	
0.690156215801	3.95530280335	18.9392183178	13070.1161886	
0.874097821724	3.9890988902	25.5171959128	12301.91945	
0.69711327645	3.72357069816	23.246086497	10694.9953449	
0.986408007493	4.06301201074	40.670746147	10732.9114436	
0.902555731764	4.16260155966	29.223306546	14040.5275952	
0.930761088504	4.29899861305	28.6552453345	16761.710282	
0.821074422584	4.03353380551	29.674797371	12611.1020822	
0.587129804297	3.55439213899	23.2356600222	7284.5401532	
1.0837401963	4.30088004805	38.3185082209	14921.4485108	
0.78914272063	3.88082122669	22.3074241523	12473.0302207	
0.756093798613	3.98225375282	23.7306879895	13901.4238442	
0.930418377487	4.11184514876	31.1178332405	14759.7919004	
0.907301887381	4.04347510057	30.5299343997	13673.9016839	
0.940393254122	4.08595697843	33.5421383201	12920.7316196	
0.614393581889	3.79116056764	14.7034637271	11937.1632716	
0.654338394332	3.71652381855	13.4615018957	9867.26659386	
0.772749883365	4.29406935354	14.0241527429	18644.823416	
0.786588189631	4.18620067242	14.5407402903	20110.3563308	
0.785818903328	3.87690664488	25.6576548908	11712.5181039	
0.691812652065	3.63749456488	26.1869127649	9351.4928564	
0.742958866459	3.75292404875	27.5367759471	10107.1103997	
0.837771144097	3.91915769794	27.7474127089	11750.8265715	
0.763260640818	3.74027245314	34.2844995388	7525.75288892	
0.743165890458	3.83554090023	25.4390495079	11704.8647793	
0.74466564947	3.80701776329	18.536362614	10614.536948	
0.814617689457	3.97348940404	29.2810276899	12051.5396579	
0.868337708725	4.07285292811	27.2986599708	13757.8728095	
0.796437835933	3.89978591218	22.9594914455	12242.0856896	
0.663428563792	3.95564161709	18.4981830015	13548.4565096	
0.880763856814	4.38799857256	20.9389566869	22361.76704	
0.890262464364	4.1550423131	29.8941391067	13825.26236	
0.805044235771	3.78753646328	25.2611477686	9225.8523053	
0.933727894615	4.00039849818	36.5831070922	9897.2298722	
0.6771515995	4.02692788538	16.2637798492	15387.7098596	
0.732034134047	3.82173751569	26.2965312584	9224.51508956	
0.72402092003	4.02956126762	16.0370692899	17255.2564163	
0.788113397401	4.17742656235	16.6099425196	18395.8618364	
0.780851913354	3.80893536451	19.3240364522	9786.22942778	
0.589637728952	3.76772157706	15.6326141436	12688.3567611	
0.736101280437	3.74536314715	25.1777984589	10277.507122	
0.696753112672	3.86806061891	23.5459844646	11356.176512	
0.79585679703	3.70256399736	34.5420044301	6710.57401276	
0.836783819287	4.27983688259	15.5729990578	18982.3968356	
0.833511417275	3.93369002558	29.8647860914	10012.8087104	
0.725575817396	3.90041503364	22.0086160947	11753.9444468	
0.821319744846	3.87946096172	21.8140842424	10106.6118812	
0.574482351929	3.76978695987	7.61128902212	14580.5882996	
0.737354158158	4.01209783774	16.9372648615	15987.2012636	
0.888624284445	3.87508952309	40.0663594637	8156.66749748	
0.871534411245	3.75346311569	32.8052072822	9359.5340732	
0.844876500793	4.28819468691	20.672751405	19146.295664	
0.83926339696	4.13853663673	17.7159474318	19114.8338456	
1.03079807442	4.15007037777	40.9661321336	11994.213451	
0.667962934631	3.87932183735	18.4980830119	13441.0089615	
0.642456397027	3.75517701114	18.963789327	11548.4010073	
0.569354257594	3.66639719197	13.9831308219	11965.0240802	
0.609621303606	3.7690196256	17.8637411934	11537.9427795	
0.830111975281	3.90276134225	29.055403835	10093.9762328	
0.809216719293	3.77935668187	33.7987406679	8185.3133516	
0.844766080853	4.09607814921	27.7497382132	14296.4335124	
0.384153645467	3.42480034439	9.97920247257	8141.7143264	
0.885257811942	3.84658627678	41.5004989175	7707.30854948	
0.787367108238	3.85234452038	28.4435492785	10270.4783465	
0.78025392651	3.97899133231	22.7521000249	13369.6455085	
0.954847786089	4.06915116435	37.5752784304	11087.9075509	
0.800945193705	3.90657437681	26.1845759821	12164.5487143	
0.842360370778	4.02020244844	30.5333634746	12184.8814886	
0.797294293271	4.03673677779	20.3278155928	13577.718416	
0.939675159387	4.02898439887	26.5115291222	12209.8985156	
0.662161564522	3.6811759806	23.1773589504	9972.816464	
0.862269590519	4.0777542994	27.8949459238	14302.0933629	
0.741826569329	3.87190941732	22.6978845598	11328.1176344	
0.732895775714	3.98938125236	16.4337069472	13876.2349364	
0.75065500062	3.83629173242	27.2993686735	10099.0094161	
0.877090161033	3.95085448911	29.0829221561	10250.620736	
0.825590687088	3.88038203378	25.6303790737	10907.813678	
0.999937924832	4.23519374785	32.1211599078	15087.6026336	
